subject,group,story,event_num,valence,event_start_sec,event_end_sec,event_duration_sec,transcript,mean_pupil_size,z_pupil
1015,3,Sea Ice,1,neutral,0,13,13,"I'm an arctic guy. I study arctic science. When I go to a cocktail party and I tell people what I do, they kind of run away from me usually. The northern hemisphere of your planet Earth, where you live, it's covered with an ocean, but on top of that ocean is a sea ice cover. ",-20.282890418424373,-1.549033910120067
1015,3,Sea Ice,2,neutral,13,32,19,"So when I started my research work in the arctic, and there wasn't much happening, really. It wasn't no big changes going on in the sea ice cover. We never really thought that sea ice would become sort of a fundamental characteristic of our international discourse about global warming and the fact that our planet is warming at a global scale.",-9.140150202183143,-0.7271582880576706
1015,3,Sea Ice,3,neutral,32,52,20,And we're going to have at some point in the near future no ice in the northern hemisphere in summer. Now that's a very major change that's happened on our planet system. And I work with a whole bunch of scientists from all around the world that study this. And we study the sea ice itself. We also study the connections with glacial ice and the land and all those kind of things.,31.100480381283564,2.2409440504285265
1015,3,Sea Ice,4,neutral,52,80,28,"But when you look at what's happening to the sea ice cover, this change that we have, this reduction, we found recently that this is significant over at least the last 1,450 years. So that includes the last medieval warm period it includes the cold periods before that it includes right up to before the industrial revolution so in fact what we're seeing in the Arctic right now is unique to our time scale of what we're talking about on the planet.",-26.9265692223537,-2.039063969494823
1015,3,Sea Ice,5,neutral,80,94,14,To do this work we have a whole bunch of tools. One of our largest and most visible tools is the research icebreaker the Amundsen. The Amundsen is a ship that will hold 40 scientists and we can deploy to the Arctic anywhere in the Arctic for any amount of time.,7.8383025296217665,0.5251527350666128
1015,3,Sea Ice,6,neutral,94,107,13,"So we've overwintered now twice in the high Arctic and we're studying everything in this system. So we study everything from the bottom of the ocean to the top of the atmosphere in the physical world, everything from viruses to whales in the biological world and all the connections between those.",-3.1753032555742524,-0.2871980808183712
1015,3,Sea Ice,7,neutral,107,122,15,"This takes a lot of people so the networks are not just here at the University of Manitoba but We have a national network called ArcticNet, which includes Laval University and many other universities across the country. We also have an international network, which includes universities around the world that study the Arctic.",-3.5874154969603667,-0.31759500277613684
1015,3,Sea Ice,8,neutral,122,132,10,Now I could talk for a long time about this. I write books about these kind of things. But I wanted to just highlight a few key things that are happening. And these are things that we were surprised about.,-0.23325998514503823,-0.07019637422791127
1015,3,Sea Ice,9,neutral,132,149,17,"First one is, multi-year sea ice is being replaced with very thin first-year sea ice. So multi-year sea ice is really, really thick, really, really hard. And this young stuff is very saline. It's very salty. Remember, it's an ocean that this ice forms on. Even if you were to taste it, you'd spit it out right away because it's really, really salty.",32.668763885747396,2.356618826631485
1015,3,Sea Ice,10,neutral,149,175,26,"The other thing is we're finding crystals in the ice itself called ikaite, which is associated with how CO2 moves through the systems. Up until just recently, we thought the ocean was capped by this ice cover and that CO2 couldn't move between the ocean and the atmosphere. CO2 is the big problem, right? This is what's causing our planet to warm, and we thought that it was decoupled in the Arctic, but we're finding, in fact, it's not. This young sea ice actually plays an active role in exchanging carbon dioxide with the surface.",-2.4906761440381864,-0.23670077743923046
1015,3,Sea Ice,11,neutral,175,186,11,"There are similar processes going on with bromine, mercury, and they're very reactive with the atmosphere, so we're very concerned about what these young ice types mean for the evolution of the Arctic atmosphere.",-1.2920919259647818,-0.14829459272109216
1015,3,Sea Ice,12,neutral,186,210,24,"Snow on sea ice is also very important. Snow falls on the sea ice. When it falls on ice, it's already there. It forms a thick blanket. It insulates that ice, so the ice can't grow as thick as it would have otherwise. If it falls in the open ocean, it does absolutely nothing at all. So what that's doing is it's protecting this multi-year sea ice from growing too thick, which means that it gets thinner and thinner each year because the snow cover doesn't allow it to grow as thick as it used to be.",11.216723431615485,0.7743411507103305
1015,3,Sea Ice,13,neutral,210,232,22,"Of course, this is affecting the animals that live in this environment, in particular polar bears. You've probably heard in the media that polar bears, the sea ice is disappearing. This is an important habitat for the polar bear. So what's going to happen with our polar bears? We have lots of them here in Manitoba. We have lots of them in Canada. Unfortunately, it's not as simple and straightforward as reduction in sea ice means reduction in polar bear habitat. It's much more complicated than that.",2.931420992701906,0.163226831987191
1015,3,Sea Ice,14,neutral,232,246,14,"The big problem is when you remove all the sea ice and you have open water. In those areas, the length of that open water is really important because the polar bears have to go on land and have to be able to forage on the sea ice. They have to wait for it to happen in the fall.",-12.08945895372813,-0.9446958881263707
1015,3,Sea Ice,15,neutral,246,263,17,"When you look at the rest of the ecosystem in the Arctic, a good way to think about it is that the sea ice acts like the trees in a tropical rainforest. If you're sitting in your seat right now and you think, okay, if we clear cut all the tropical rainforest trees, we can expect there to be an impact on everything in the tropical ecosystem, right? ",-0.8002699114225107,-0.11201837014913094
1015,3,Sea Ice,16,neutral,263,275,12,"Well, sea ice plays exactly the same role. If you get rid of all the sea ice, it changes the light environment and the heat environment, which affects everything that lives in the ocean because the ocean has evolved to take advantage of the timing and presence of the sea ice.",0.7797157940653712,0.004519546857569792
1015,3,Sea Ice,17,neutral,275,287,12,"So in fact, our research work shows that the change in sea ice is affecting everything in the marine system, right? From the very smallest viruses and bacteria all the way up through the food chain to polar bears, ring seals, those kinds of things. ",9.834270668160539,0.6723730348890243
1015,3,Sea Ice,18,neutral,287,300,13,"Another thing we're finding about the ecosystem is that invasive species are becoming a key thing in the Arctic. So on the Atlantic side of the Arctic, we're getting species moving north and displacing the Arctic species. The same's happening on the Pacific side.",-25.84572105727965,-1.9593418597815906
1015,3,Sea Ice,19,neutral,300,319,19,"The other thing that was surprising to us is just how thick some of the multi-year ice is. It piles up on itself. When it piles up on itself, it can actually get thicker in very localized areas in the Arctic. And so this was a big surprise to us as well. This idea of the ice being able to move faster is also a big hazard.",3.503225581286143,0.20540247665095315
1015,3,Sea Ice,20,neutral,319,338,19,"What is the big paradox for us from an ice hazards perspective is one of the things that people are looking at the Arctic for is to increase development. CO2 is the thing that is causing a lot of this issue of our warming planet, yet it is opening up the Arctic for new development. And so people around the planet are interested in developing these resources that are there.",-7.794058393109648,-0.6278721141484157
1015,3,Sea Ice,21,neutral,338,353,15,And of course the big resources are oil and natural gas. There's also lots of minerals and transportation is a big thing but we have to remember that there are hazards that are still there and we need to pay attention to those when we think about how to develop these resources sustainably.,4.845148402299782,0.30438115082598016
1015,3,Sea Ice,22,neutral,353,366,13,"It's very important that you remember that you live on planet Earth, and it is a unit. It functions as a unit. It doesn't operate as Manitoba, Saskatchewan, Ontario, British Columbia, northern states, right? It operates as a whole unit. ",-8.507690263897903,-0.6805087750007224
1015,3,Sea Ice,23,neutral,366,381,15,"And unfortunately, it doesn't come with a manual. So we have to figure it out. And that's what research groups like mine do, is we try to figure out what these characteristics are so that we can inform you and we can spread these ideas on really cool things like TED.",-3.4216113140173805,-0.30536547813926235
1015,3,Dont Look,24,negative,383,410,27,[music],7.4301254504678935,0.4950460661206535
1015,3,Dont Look,25,negative,410,431,21,"“How are you feeling today, Stephen?” Dr. Acosta said. “I'm fine.” Stephen said as he adjusted himself on the overplushed chair. “Good. How is the progress going?” “Um, I haven't exactly started.” “Stephen, you know things won't get better unless you try.” Dr. Acosta said as she tapped away on her iPad. ",-11.417029786226433,-0.8950982909816548
1015,3,Dont Look,26,negative,431,448,17,"“Yes, yes, I know. I just don't feel comfortable. This week has been extra challenging.” “There are always going to be challenges. They should not give you the reason to avoid trying something new.” “Yes, you're right.” Stephen said as he clutched his white cane tightly. ",-4.793193569558655,-0.40653179787806987
1015,3,Dont Look,27,negative,448,467,19,"“Please tell me what has been challenging about this week.” Dr. Acosta said as she finally looked up at Stephen. “Well, on Tuesday, I misplaced my cell phone and it was ringing. Susan was outside in the garden and couldn't hear the phone. It drove me nuts.” Stephen said as he ran his fingers through his dirty blonde hair.",20.228235817272918,1.4390198746107576
1015,3,Dont Look,28,negative,467,492,25,"“Susan is your new nurse, correct?” Dr. Acosta said. “Yes, she's quite nice. A little more attentive than Monica was. It doesn't normally bother me.” “Should it have bothered you?” “No.” Steven said. “Did you try locating the phone yourself?” “No.” “It stopped ringing after the fifth ring.” “I see.” Dr. Acosta said, and she went back to writing on her device. Steven didn't like the tone of her voice. ",9.359587583943977,0.6373609599817817
1015,3,Dont Look,29,negative,492,508,16,"“I did do the squinting exercises.” Steven said, trying to find something that she would approve of. “Good. What did you think?” “It was strange at first because it felt like my eyes would open whenever I released from squinting. I didn't like the sensation.” ",-13.854231266956086,-1.0748634514532658
1015,3,Dont Look,30,negative,508,524,16,"“This is good progress, Steven. Eventually, the strangeness will go away and the need to open your eyes will happen, especially if you start with the other lesson.” Dr. Acosta said, Steven could hear that she was smiling. Steven tightened his lips.",1.864512849050315,0.0845329221202983
1015,3,Dont Look,31,negative,524,544,20,"“I'm not sure I'm ready to open my eyes.” “It's normal to feel apprehensive about it. These sessions and lessons are here to help you get to a point where you want to open your eyes and live a normal life. Is that not what you want?” “Yes, Dr. Acosta. It is.” Stephen said as he steadied his voice.",-0.6009017091344258,-0.09731320229139417
1015,3,Dont Look,32,negative,544,564,20,"Stephen was guided out of the office and into Susan's car. He could smell her perfume as she clipped his seatbelt into place. He lowered his head as the car started. It was always a jarring feeling when he rode in one. “Do you need to stop anywhere else?” Susan said. “No, I’d like to go home and rest.”",3.274282753864006,0.1885159186721506
1015,3,Dont Look,33,negative,564,586,22,"He thought about what Dr. Acosta had said, and when she had asked him at the end of the session, Stephen couldn't remember the last time he had lied. Then it came to him, and he shuddered at the memory. The last time he had his eyes open was the last time he had lied, and it was to tell the police a different story of what had happened that night.",-2.8936319599972324,-0.26642233205487936
1015,3,Dont Look,34,negative,586,600,14,Stephen was 11 years old again and found himself sitting on a metal chair next to a desk. He could see the room through the slits of his eyelids. The lids kept closing on him. It felt like his face was covered in blood. ,1.684231926626147,0.07123560993425443
1015,3,Dont Look,35,negative,600,617,17,"He felt a hand on his shoulder. “Hey, how you doing, kid? Still don't want to open your eyes?” It was Officer Brennan returning. Stephen could sense someone else was there. “Stephen, this is Dr. Coolidge. She wanted to ask you some questions.” Officer Brennan said. ",-4.505089924822649,-0.3852816064852274
1015,3,Dont Look,36,negative,617,637,20,"“Hello, Stephen.” Dr. Coolidge said, as the officer grabbed an extra chair for her to sit on. “Are you in pain? Does your eyes bother you?” Dr. Coolidge said. “No, I just can't open them.” Stephen said, squirming in his seat. He decided to keep his eyes closed. He didn't want to see the doctor and officer.",3.457880832317555,0.2020579004477405
1015,3,Dont Look,37,negative,637,649,12,"“Okay, if it makes you feel better to have your eyes closed, then do so.” Stephen nodded. “We would like to know what had happened. Take your time, and if it gets too scary, you can stop.” ",-3.329496414206149,-0.2985711897403258
1015,3,Dont Look,38,negative,649,664,15,"“I was out with my friends in the woods. We have a boy's only house. Well, it's a big tent that we got from Michael's dad. We were hanging out even though it was getting late.” Stephen paused and licked his lips. ",-11.34328244724364,-0.8896587726113365
1015,3,Dont Look,39,negative,664,686,22,"“Who was there with you?” Dr. Coolidge said. “It was me, Tommy, Richard, Ismael, and Michael.” “What were you all doing in the tent?” “At first, we were reading comic books and eating gummy bears.” Stephen said, as his heartbeat accelerated, he was getting to the part that he did not want to talk about. “Yes?” Dr. Coolidge pressed gently.",2.512997537668699,0.13236440221523327
1015,3,Dont Look,40,negative,686,706,20,"“Richard took out his mom's gun from his backpack. He said that she kept the gun because she was afraid that her boyfriend would come back. He was showing it off. I didn't care about it. I just wanted to go back to reading Spider-Man comics, but...” Steven broke off. He closed his eyes tighter. “It's alright, Steven. If you don't want to say it,” Dr. Coolidge said.",20.072449566616868,1.4275292610649004
1015,3,Dont Look,41,negative,706,723,17,"“I'll say it. Stephen shot me in the head.” Stephen recognized Richard's voice and shrunk back, falling off the chair. He could feel Richard's breath on his cheek. How could he still be alive? Stephen thought. “You shot me, liar!” Richard's voice echoed.",7.706265581534113,0.5154138425914396
1015,3,Dont Look,42,negative,723,736,13,Stephen woke up panting. He felt cold sweat covering his body. His pajamas sticking to him as he tried to pull them off in bed. He staggered to his feet and slipped off his bottoms. Stephen grabbed his cell phone. ,14.822427490581285,1.0402937089613098
1015,3,Dont Look,43,negative,736,752,16,"“Hey Siri, what time is it?” Stephen said. His cell phone answered back that it was about three in the morning. He decided to take a shower instead of going back to bed. The hot water wasn't enough to wash away the bad dream he had.",-5.771091166552177,-0.4786603928417141
1015,3,Dont Look,44,negative,752,771,19,"It kept playing out over and over in his mind. As the water streamed down his face, he realized that it reminded him of the blood that splattered on his face when the gun went off. Stephen staggered back onto a tiled wall and slid down. He wrapped his arms around him as he sobbed uncontrollably.",0.031108020501430727,-0.050696896103365995
1015,3,Dont Look,45,negative,771,786,15,"Later that morning, Susan had arrived at around seven and had let herself in. She prepared him a breakfast of the usual, two scrambled eggs, two Canadian bacon strips, and sliced grapefruit. “Here you go, son.” Susan said. ",7.693513616865973,0.5144732724362754
1015,3,Dont Look,46,negative,786,800,14,"“I need to take my mother to a doctor's appointment. She just turned 90 not too long ago, and I feel she should go more often than not. Will you be all right for a couple of hours?” “Yes, that's fine. I can listen to my audio book outside,” he said. ",-11.850809964734944,-0.9270934149037202
1015,3,Dont Look,47,negative,800,817,17,"“Oh, that's a wonderful idea. Spring is finally starting up and you can feel the change. Well, I better get going. Unless there's anything else you need.” Susan said, “No, it's fine. Go ahead. Thank you for breakfast.” Stephen said, and he felt a squeezing hand on his shoulder.",28.111406319612392,2.020473407108147
1015,3,Dont Look,48,negative,817,837,20,"After eating, Stephen placed the dirty dishes in the sink. He headed back upstairs to get his earphones, which he kept in his office. His white cane smacked into the desk chair, and he rested his hands on the desk. He searched around and came across what felt like a notepad. It occurred to him that he didn't own a notepad.",2.3288823314873452,0.1187842776969493
1015,3,Dont Look,49,negative,837,850,13,"Maybe it's Susan's, but that means she's been in my office, he thought. Stephen opened it and ran his fingers over the pages. He could feel the slight indentation where writing implement was used.",-28.36033049396633,-2.1448165414948464
1015,3,Dont Look,50,negative,850,874,24,"Closing it, he ran his fingers over the cover. There were letters, and it spelled out journal. This is definitely not mine, Stephen thought. Opening it again, he flipped a page that had pages attached to it. Newspaper clippings, he wondered. Stephen realized that if this was Susan's journal, he was being intrusive. Yet she did leave it here.",-12.246496205213646,-0.9562787740455369
1015,3,Dont Look,51,negative,874,893,19,"He hadn't had this much curiosity since that night when Richard was showing off his gun. Stephen shuddered and gasped. He took out his phone from his back pocket. “Hey Siri, what day is it today?” Stephen said. Siri answered back, April 22. He almost dropped his phone.",7.247223881489255,0.4815554580778129
1015,3,Dont Look,52,negative,893,902,9,It was 23 years ago today that Richard was shot. Somehow he had forgotten. His desire to go outside to sit and listen to his audiobook was dashed.,-15.934981984182583,-1.2283372161547619
1015,3,Dont Look,53,negative,902,922,20,"Stephen knew that he should call Tommy, Ismael, and Michael. Yet he didn't want to relive the memory, not this year. Besides the sobering recount of what had happened, he would have to endure the questioning about his eyes, and the tense silence filled with hate. They never voiced it, but he knew that they hated him because of what happened. ",28.02462224868907,2.0140723144782346
1015,3,Dont Look,54,negative,922,943,21,"Last year, Michael didn't show up at the bar to meet with them. Tommy had said that he had an emergency. Steven didn't believe it for a second. They're probably deciding to meet without me, he thought. Steven placed his phone on the desk and sat down without dialing any of them. He gripped his white cane between his legs and tightened his eyes. ",-18.17811231927884,-1.3937879135368245
1015,3,Dont Look,55,negative,943,957,14,"“I don't care about Dr. Acosta's lessons. I'm never opening my eyes again. It's better this way,” Steven told himself. “It's not my fault.” Stephen said out loud, but he knew it wasn't entirely true. ",12.837334001248204,0.8938755106783033
1015,3,Dont Look,56,negative,957,974,17,"He was jealous when Richard pulled out the gun to show it off. Richard was always the cool one in the group. His mother gave him everything, even though they were known in the neighborhood as being poor. Stephen's father once told him that Richard's mother was a drug dealer, and that he should stay away from him.",6.857872350176753,0.4528373397524847
1015,3,Dont Look,57,negative,974,984,10,"Yet he kept hanging out with Richard, even though he hated him. Stephen didn't want to be alone. The others would never think of hanging with him without Richard. ",-26.12288204478017,-1.9797849334414606
1015,3,Dont Look,58,negative,984,1003,19,"So when Richard took that gun out, Stephen had it in his mind to grab the weapon and pose with it like he was an action star, but not before scaring Richard. It didn't go as planned. He was not counting on there being bullets in the gun. Richard still had the gun in his hands. It was pointed towards his face when Stephen grabbed it.",6.087870719043862,0.39604291061789954
1015,3,Dont Look,59,negative,1003,1009,6,The police believed it was a mistake made by Richard and that Stephen was trying to take the gun away.,5.578516582463038,0.3584735390155493
1015,3,Dont Look,60,negative,1009,1024,15,"The stairs creaked, startling Stephen from his memory. He swung around in his desk chair. “Hello?” Stephen said, could it be Susan? But she said that she would be out for a couple of hours. She would have called to say that she was coming back, he wondered.",2.337622367233276,0.11942893261810274
1015,3,Dont Look,61,negative,1024,1031,7,"Stephen waited for the sound to return, but no sound came. Stupid old house, he thought. ",19.01779159501404,1.3497389097103272
1015,3,Dont Look,62,negative,1031,1047,16,"The hairs stood up on his arms as he felt a presence. “Who’s there?” Stephen said. A breeze crossed his face as if someone had walked past him. He shrunk back in his chair. Taking his white cane, he swung it back and forth. It didn't hit anything.",-8.149381161618074,-0.6540803103132282
1015,3,Dont Look,63,negative,1047,1061,14,"Suddenly, someone grabbed it and yanked it. Stephen hopped up to his feet and was dragged. He was being pulled out of the office. Just as he was about to pull it back, the person let go. Stephen caught a whiff of the perfume. ",-15.37690907218543,-1.1871744040634151
1015,3,Dont Look,64,negative,1061,1075,14,"“Susan?” Before Stephen could turn around and confront the voice, he was pushed from behind. His eyes were forced open as his body went airborne and slammed into the staircase. He saw everything.",21.0355576403643,1.4985669979108827
1015,3,Dont Look,65,negative,1075,1093,18,"Stephen's body lay in a crumbled heap at the bottom. Susan checked his pulse with a gloved hand. She smirked and took note of the white cane nearby. After grabbing her journal with the newspaper clippings and cleaning up, she left without so much as a backward glance.",-9.677208272930665,-0.7667710697804186
1015,3,Impatient Billionaire,66,positive,1095,1105,10,"The impatient billionaire and the mirror for Earth. If only the Earth could hold up a mirror to itself,",6.444095501223677,0.42231763826714896
1015,3,Impatient Billionaire,67,positive,1105,1128,23,"“Say no more,” thought the impatient billionaire in the audience at the TED conference, who found this speaker's voice as whiny and irritating as his ideas were inspiring and consciousness shifting. He already knew the part of the speech that was going to stay with him. A mirror up to Earth. Amazing, unbelievable, tricky, but doable. He got it, let's make it.",12.117656038074498,0.8407928970492194
1015,3,Impatient Billionaire,68,positive,1128,1156,28,"“I want you to build a mirror for Earth,” he said to his engineers, who were used to things like this. “How big do you want the mirror to be?” “Full length.” “How big do you want the earth to look?” “Full size.” “Can't be full size,” said the head engineer. “Yes, it can be,” said the impatient billionaire. “And by the end of today, my head engineer is going to be somebody who tells me how it's going to happen, not why it can't.”",-12.104980645414395,-0.9458407501407894
1015,3,Impatient Billionaire,69,positive,1156,1175,19,"“If it's full size,” said the head engineer, “you'll only see the reflection of what is in your field of vision up to your horizon point. That's not what you want, is it? You're picturing seeing like China, right?” “Yes,” said the impatient billionaire. “Exactly. Things like China.” “So let's figure out how big,” said the engineer.",12.958222365529773,0.9027920965149904
1015,3,Impatient Billionaire,70,positive,1175,1210,35,"“I want you to be able to look up with binoculars and literally wave at yourself,"" said the impatient billionaire. “But you could also look at the White House or your grandmother in Florida or see two people on a date in Brazil. My God, do you realize what this is going to mean for humanity?” “You're only going to be able to see one hemisphere at a time,” said the head engineer. “That means you won't be able to see China and Brazil at the same time. Which one is more important to you?” “I don't know. Same. Brazil” said the impatient billionaire.",8.798006806878679,0.5959394118229104
1015,3,Impatient Billionaire,71,positive,1210,1230,20,The engineer took some notes with a little pencil. “Wait” said the impatient billionaire. “Is this mirror going to burn up the whole planet? Don't just yes me on everything. Really think about it. A mirror that big reflecting the sun facing us? I do not want to burn up the planet. I do not want to be that guy.”,-2.701120794558227,-0.25222293129899315
1015,3,Impatient Billionaire,72,positive,1230,1245,15,"“No, that should be okay,"" said the head engineer. “We should be able to come up with a material that reflects plenty of light, but not a meaningful amount of heat. Let me talk with the team.” The engineers talked numbers and said they could probably have something up in 18 months. ",28.929935569117227,2.080847177209375
1015,3,Impatient Billionaire,73,positive,1245,1270,25,"“Why not six?” Asked the impatient billionaire, trying to force into his eyes the rogue, intoxicating glimmer that he knew had served him well in life so far. “18,” said the engineering team. “Fine,” said the impatient billionaire. “If you can really guarantee 18 months, fine.” “We can,” said the engineering team. ",9.135102883113282,0.620803228260656
1015,3,Impatient Billionaire,74,positive,1270,1282,12,"35 months and two weeks later, more than a year late and $700 million over budget, the Mirror for Earth finally went up into the sky.",-21.76113852505364,-1.6580677795831318
1015,3,Impatient Billionaire,75,positive,1282,1302,20,"But nobody remembers how long anything takes. They only remember how good it was in the end. And in the end, the mirror was magnificent. After a very short amount of time, the mirror for Earth became one of those things that people couldn't ever imagine not existing.",19.88420790916443,1.4136447742766975
1015,3,Impatient Billionaire,76,positive,1302,1327,25,"When people caught sight of themselves in the mirror, individually and as a species, they thought twice about how they looked doing whatever they were doing. Crime disappeared, wars evaporated, meanness declined dramatically. The mirror changed everything, forever, for the better. Besides all that, the thing was, quite simply, beautiful.",-0.29919671010524906,-0.07505979074770437
1015,3,Impatient Billionaire,77,positive,1327,1346,19,"One summer night, a few years later, the impatient billionaire couldn't sleep. The air conditioning in his master bedroom was broken, and even an impatient billionaire didn't have a way to get an air conditioner fixed in the middle of the night without waking up a wife who was asleep in the same room.",8.90650369519205,0.6039420167337218
1015,3,Impatient Billionaire,78,positive,1346,1362,16,"The impatient billionaire's mind started running through all of the projects he had in the works, none of which was going as fast as it should be. “You'd think the man who put up the mirror for Earth would attract the best and brightest and most resourceful people, but apparently not,” he thought to himself. ",-23.706699627315984,-1.8015701147494505
1015,3,Impatient Billionaire,79,positive,1362,1375,13,"Impatient for nothing in particular, the impatient billionaire wandered outside to his bedroom balcony and picked up a pair of binoculars that had been a gift from the head engineer, but that he had never actually used.",9.424585575800403,0.6421551366343023
1015,3,Impatient Billionaire,80,positive,1375,1393,18,"After a couple of minutes spent searching and focusing, he found what he thought to be himself up in the sky and made some specific gestures with his arms to confirm that he really was staring at himself and not at one of his neighbors who might just happen to have a similar pair of pajamas and late night impulse. ",-8.409450052829786,-0.6732626907327375
1015,3,Impatient Billionaire,81,positive,1393,1405,12,"Yes, that was him. That was him, waving widely. That was him, the little figure in red jutting out into the endless black.",-2.3778532364318976,-0.2283790903521841
1015,3,Impatient Billionaire,82,positive,1405,1425,20,"And then, after the impatient billionaire had established that it was definitely certainly him up there in the sky, he made a few more funny gestures anyway, just for fun. What a cool thing he had made.",-0.6538469076540874,-0.10121837885695198
