subject,group,story,event_num,valence,event_start_sec,event_end_sec,event_duration_sec,transcript,mean_pupil_size,z_pupil
1004,1,Grandfather Clocks,1,neutral,0,4,4,[music],-27.823225953732052,-2.371636365114612
1004,1,Grandfather Clocks,2,neutral,4,12,8,"Hey, and welcome to Short Stuff, the very brief podcast on Josh. There's Chuck. That's Jerry. Let's get going. No time for laughing, Chuck. ",3.5559644805814585,0.3813600413238397
1004,1,Grandfather Clocks,3,neutral,12,37,25,"Welcome, everybody. And just as a very quick explanation, we had this idea because we often come across cool little interesting tidbits that certainly don't warrant a 45 minute episode. And everyone else on the planet is doing little shorty episodes on their podcast. And we thought, well, hey, in your tin, why don't we give it a shot? Yeah, let's try something new for once. Yeah. So I hope you all like it.",-10.390437016874865,-0.8422022199657436
1004,1,Grandfather Clocks,4,neutral,37,44,7,"Great. Well, we've just wasted a lot of time, Chuck. We might not get to the end of this episode now. I thought we agreed there was no ticking clock. ",-6.975828152054459,-0.5426276992679756
1004,1,Grandfather Clocks,5,neutral,44,59,15,"So you've seen a grandfather clock before, right? Yeah, we had, you know, not the, what is the like the smaller version called that hangs on the wall? Actually, I saw those called wag on the wall clocks. Those are the original ones. ",-2.928317139093303,-0.1875266555674549
1004,1,Grandfather Clocks,6,neutral,59,79,20,"Okay, we had one of those growing up. Or it's just like an exposed pendulum swinging back and forth. Yeah, you know, three-ish feet. Three-ish feet in length? Yeah. Oh, okay. I thought you meant like off the wall. No, yeah. That sounds dangerous. My dad rigged up a hovering mechanism. It was pretty advanced. Right. And the pendulum was super sharp, so you better watch out. ",1.49516039763794,0.20055912975815188
1004,1,Grandfather Clocks,7,neutral,79,98,19,"But you're familiar with the kind that are tall and stand on the floor. Yeah. So those are actually, you know and love them as grandfather clocks. Sure. But the name grandfather clock didn't come around until about 200 years after grandfather clocks were invented.",15.413169686638103,1.4216304520920513
1004,1,Grandfather Clocks,8,neutral,98,115,17,"Yeah, and it's funny when I saw this that they were invented about 350 years ago and when I saw that they were originally called long case clocks I immediately would like to that name better. Long case better than grandfather. Okay. Yeah, I think it's cool. I'm ambivalent toward both.",7.0253252894963625,0.6857381246136129
1004,1,Grandfather Clocks,9,neutral,115,138,23,I like the I do like cuckoo clocks for sure. But the name grandfather clock will we'll find out where it came from but the grandfather clock itself or the long case clock was actually one of the first clocks. And it kind of makes sense because if you think about it when you start out inventing something new it's huge. It's enormous.,-10.117223797650807,-0.8182323533023634
1004,1,Grandfather Clocks,10,neutral,138,151,13,"And then as you get better at it over time and find like workarounds and shortcuts and stuff, you can make it smaller and smaller. So it makes sense that some of the first actually precise clocks were giant grandfather clocks. ",-5.924578206871487,-0.4503981904342288
1004,1,Grandfather Clocks,11,neutral,151,160,9,"And again, they were originally, they just had the pendulum swinging back and forth. You could mount them on the wall. They were called wag on the wall clocks. ",3.885296859560748,0.4102534207675101
1004,1,Grandfather Clocks,12,neutral,160,188,28,"And the first person who really tried to invent this thing was none other than Galileo Galilei. Yeah, he's the one that discovered, hey, a pendulum swings at a constant rate, regardless of its size. I think we've got something here, boys. And unfortunately, he died before he could actually make a legit clock. Yeah, but he tried for like his whole life. Yeah. That's what killed him. It was the sharp pendulum. He's like, I regret everything.",-3.331023869636297,-0.22285740077435223
1004,1,Grandfather Clocks,13,neutral,188,203,15,"But a Dutch astronomer named Christiaan Huygens built the very first pendulum clock in the, what, 1657. And this is when, like apparently this is the most accurate timepiece ever in the history of the world.",11.833151237881369,1.10754402130787
1004,1,Grandfather Clocks,14,neutral,203,220,17,"Yeah, before that it was, the clocks were accurate within 15 minutes every 24 hours. It's pretty good. Sure, for the early 17th century. But then Huygens comes along and his was accurate within a minute every 24 hours. That's great.",-9.596422137470308,-0.7725407634589155
1004,1,Grandfather Clocks,15,neutral,220,238,18,"Finally, what he had produced was something that you could actually use for like scientific purposes, which again, as you said, he was an astronomer and you need precise clocks for astronomy. So he kind of made a scientific instrument for himself more than, you know, let's make something that everybody sets their watch to.",-3.3085798247256104,-0.2208883131678888
1004,1,Grandfather Clocks,16,neutral,238,249,11,"Yeah, so his wasn't a long case clock though, but because people like to invent and build on others' work, of course it’s got bigger and bigger.",18.735922970937587,1.7131461898962719
1004,1,Grandfather Clocks,17,neutral,249,262,13,"And eventually in London, and what, not even too many years later, three or four years later, the very first long case clocks started, like six feet tall, started to be released for purchase.",11.684489168948927,1.0945014240999706
1004,1,Grandfather Clocks,18,neutral,262,280,18,"Yeah, and there was a dude named Clement. I can't remember his first name, but he basically made the pendulum so precise that all of a sudden there was a clock that was accurate within a second over 24 hours. And so they added minute hands and second hands and really started to show off.",-15.68281963551213,-1.3065198179963593
1004,1,Grandfather Clocks,19,neutral,280,307,27,"But at the time, in the late 17th, early 18th centuries, You had to literally be royalty to afford a clock like this. And then over time, again, as they figured out shortcuts and there were improvements in manufacturing, you just had to be somewhat rich to afford them. And they started to spread and they started to kind of encase them in wood. They started really kind of tricking them out and everything. They made the pendulum look really beautiful.",-20.458593425592007,-1.7255136766676042
1004,1,Grandfather Clocks,20,neutral,307,335,28,"And then what you know and love as a grandfather clock really kind of was developed between, I think, Up to about 1850, I think, right? From the late 17th century up to 1850. That sounds about right. And then that was like kind of the golden age of the grandfather clock. And then they just stopped progressing. They said, this is perfect. This is the grandfather clock, although we don't call it that yet. And we're going to just leave it as is and say, we're happy with this model.",8.414705262708184,0.807632858687028
1004,1,Grandfather Clocks,21,neutral,335,358,23,"Yeah, so put a pin in that and then we switch on over to the story of a man named Henry Clay Work who was born in Connecticut in 1832. He was a musician, a singer-songwriter, very emo from what I understand. A little bit, I got that too. And it was back in the days when you would write like war songs.",-2.1587044157934194,-0.12000607800414652
1004,1,Grandfather Clocks,22,neutral,358,379,21,That doesn't happen much today unless you count like Toby Keith Whatever work he's doing right whatever good work he's doing. But he was a champion of the north and he had a song called Kingdom Coming a pro-union ballad which gave him a music contract with a publishing firm named Root and Katie or Caddy?,-25.15776454825953,-2.1377869391350925
1004,1,Grandfather Clocks,23,neutral,379,396,17,"And he started pumping out hits over like the next decade or so until hard times fell. He made some bad financial moves. Two of his kids died in the 1870s. And so he kind of fell on hard times. But he would come back with a big, big hit called grandfather's clock.",-14.762517075341925,-1.2257787406799039
1004,1,Grandfather Clocks,24,neutral,396,428,32,"Right. And this is actually where the name grandfather clock comes from. It's from this guy's song. And it's a pretty sweet song, actually. It's very sad. He basically sings about how his grandfather, his great-grandparents bought a long-case clock on the day his grandfather was born. Yeah. What a great baby gift. Right, exactly. Here you go, kid. Maybe someday you'll be this tall. Who knows? Here's a grandfather, a long-case clock and a wooby. Right, exactly. Don't let it fall on you.",-1.33829573395115,-0.0480290090720912
1004,1,Grandfather Clocks,25,neutral,428,448,20,"But they, so they bought, yeah, I guess now that you pointed out it’s a weird baby gift, but it was a great sturdy, reliable clock and it worked through the grandfather's whole life until, until the day he died and the day that the grandfather died, the clock stopped as well and it still hasn't worked since.",4.221871894693506,0.43978222152344487
1004,1,Grandfather Clocks,26,neutral,448,463,15,"Yeah, here's the lyric. My grandfather's clock was too large for the shelf, so it stood 90 years on the floor. It was bought on the morn’ of the day he was born, and was always his treasure and pride, but it stopped short, never to go again when the old man died. ",-1.438873529478831,-0.05685301969259543
1004,1,Grandfather Clocks,27,neutral,463,478,15,"Yeah, and America was like, oh, God, this is the greatest song anyone will ever write. We can just stop. We can stop improving on grandfather clocks. We can stop writing songs now. And the two come together in this writing by Work, or this song by Henry Clay Work, right?",3.2160160587656423,0.35153528260062006
1004,1,Grandfather Clocks,28,neutral,478,497,19,"Yeah, it was a big, big hit. He sold close to a million copies, made the equivalent of about $95,000 on the song. Johnny Cash would record it. Prairie Home Companion spoofed it. I think Skrillex. Just kidding. Remixed it. It was in a video game called Five Nights at Freddy's. ",-2.333069008747421,-0.13530363957818753
1004,1,Grandfather Clocks,29,neutral,497,513,16,"Yeah, and if you look it up in the OED, the Oxford English Dictionary, if you look up grandfather clock, it attributes the etymology of that term to Work. Yeah. Henry Clay Work. ",-13.262759114463817,-1.0942001938889079
1004,1,Grandfather Clocks,30,neutral,513,535,22,"But his name does not stick to the brain. No. Even having Henry Clay in it. I know. You think that would do it for us. Yeah, but Henry Clay Work, it just does not stick. So it was a huge deal and there's, it's pretty much undisputed. I think it's 100% undisputed that Henry Clay Work was the person who came up with this song that later became the name for long case clocks, grandfather clocks. Right.",0.14054362675036394,0.08171428224172989
1004,1,Impatient Billionaire,31,positive,537,547,10,"The impatient billionaire and the mirror for Earth. If only the Earth could hold up a mirror to itself,",16.20700098180845,1.4912758021687877
1004,1,Impatient Billionaire,32,positive,547,570,23,"“Say no more,” thought the impatient billionaire in the audience at the TED conference, who found this speaker's voice as whiny and irritating as his ideas were inspiring and consciousness shifting. He already knew the part of the speech that was going to stay with him. A mirror up to Earth. Amazing, unbelievable, tricky, but doable. He got it, let's make it.",19.447941190776085,1.7756138180728933
1004,1,Impatient Billionaire,33,positive,570,598,28,"“I want you to build a mirror for Earth,” he said to his engineers, who were used to things like this. “How big do you want the mirror to be?” “Full length.” “How big do you want the earth to look?” “Full size.” “Can't be full size,” said the head engineer. “Yes, it can be,” said the impatient billionaire. “And by the end of today, my head engineer is going to be somebody who tells me how it's going to happen, not why it can't.”",-7.585224664848682,-0.5960919979512225
1004,1,Impatient Billionaire,34,positive,598,617,19,"“If it's full size,” said the head engineer, “you'll only see the reflection of what is in your field of vision up to your horizon point. That's not what you want, is it? You're picturing seeing like China, right?” “Yes,” said the impatient billionaire. “Exactly. Things like China.” “So let's figure out how big,” said the engineer.",-19.308808076671212,-1.6246393427557524
1004,1,Impatient Billionaire,35,positive,617,652,35,"“I want you to be able to look up with binoculars and literally wave at yourself,"" said the impatient billionaire. “But you could also look at the White House or your grandmother in Florida or see two people on a date in Brazil. My God, do you realize what this is going to mean for humanity?” “You're only going to be able to see one hemisphere at a time,” said the head engineer. “That means you won't be able to see China and Brazil at the same time. Which one is more important to you?” “I don't know. Same. Brazil” said the impatient billionaire.",9.758364276562745,0.9255163472481365
1004,1,Impatient Billionaire,36,positive,652,672,20,The engineer took some notes with a little pencil. “Wait” said the impatient billionaire. “Is this mirror going to burn up the whole planet? Don't just yes me on everything. Really think about it. A mirror that big reflecting the sun facing us? I do not want to burn up the planet. I do not want to be that guy.”,-8.276223523796427,-0.6567155305920137
1004,1,Impatient Billionaire,37,positive,672,687,15,"“No, that should be okay,"" said the head engineer. “We should be able to come up with a material that reflects plenty of light, but not a meaningful amount of heat. Let me talk with the team.” The engineers talked numbers and said they could probably have something up in 18 months. ",-4.794962071404408,-0.3512933659134812
1004,1,Impatient Billionaire,38,positive,687,712,25,"“Why not six?” Asked the impatient billionaire, trying to force into his eyes the rogue, intoxicating glimmer that he knew had served him well in life so far. “18,” said the engineering team. “Fine,” said the impatient billionaire. “If you can really guarantee 18 months, fine.” “We can,” said the engineering team. ",5.756229533809759,0.5743963083820832
1004,1,Impatient Billionaire,39,positive,712,724,12,"35 months and two weeks later, more than a year late and $700 million over budget, the Mirror for Earth finally went up into the sky.",0.252445593893808,0.09153179853693749
1004,1,Impatient Billionaire,40,positive,724,744,20,"But nobody remembers how long anything takes. They only remember how good it was in the end. And in the end, the mirror was magnificent. After a very short amount of time, the mirror for Earth became one of those things that people couldn't ever imagine not existing.",-14.603421866842643,-1.2118208108793582
1004,1,Impatient Billionaire,41,positive,744,769,25,"When people caught sight of themselves in the mirror, individually and as a species, they thought twice about how they looked doing whatever they were doing. Crime disappeared, wars evaporated, meanness declined dramatically. The mirror changed everything, forever, for the better. Besides all that, the thing was, quite simply, beautiful.",-2.8966050982979468,-0.18474445713779186
1004,1,Impatient Billionaire,42,positive,769,788,19,"One summer night, a few years later, the impatient billionaire couldn't sleep. The air conditioning in his master bedroom was broken, and even an impatient billionaire didn't have a way to get an air conditioner fixed in the middle of the night without waking up a wife who was asleep in the same room.",-4.103607250770059,-0.2906386036192002
1004,1,Impatient Billionaire,43,positive,788,804,16,"The impatient billionaire's mind started running through all of the projects he had in the works, none of which was going as fast as it should be. “You'd think the man who put up the mirror for Earth would attract the best and brightest and most resourceful people, but apparently not,” he thought to himself. ",19.67589148042253,1.7956126236366288
1004,1,Impatient Billionaire,44,positive,804,817,13,"Impatient for nothing in particular, the impatient billionaire wandered outside to his bedroom balcony and picked up a pair of binoculars that had been a gift from the head engineer, but that he had never actually used.",-13.074862511899576,-1.077715425974829
1004,1,Impatient Billionaire,45,positive,817,835,18,"After a couple of minutes spent searching and focusing, he found what he thought to be himself up in the sky and made some specific gestures with his arms to confirm that he really was staring at himself and not at one of his neighbors who might just happen to have a similar pair of pajamas and late night impulse. ",4.635301093010072,0.47605368300887674
1004,1,Impatient Billionaire,46,positive,835,847,12,"Yes, that was him. That was him, waving widely. That was him, the little figure in red jutting out into the endless black.",4.701858685341323,0.4818929927543813
1004,1,Impatient Billionaire,47,positive,847,867,20,"And then, after the impatient billionaire had established that it was definitely certainly him up there in the sky, he made a few more funny gestures anyway, just for fun. What a cool thing he had made.",-7.290139769003116,-0.5702032593759667
1004,1,Dont Look,48,negative,869,896,27,[music],2.2210072569871238,0.26423998856156533
1004,1,Dont Look,49,negative,896,917,21,"“How are you feeling today, Stephen?” Dr. Acosta said. “I'm fine.” Stephen said as he adjusted himself on the overplushed chair. “Good. How is the progress going?” “Um, I haven't exactly started.” “Stephen, you know things won't get better unless you try.” Dr. Acosta said as she tapped away on her iPad. ",-5.2286048401484795,-0.3893382283687279
1004,1,Dont Look,50,negative,917,934,17,"“Yes, yes, I know. I just don't feel comfortable. This week has been extra challenging.” “There are always going to be challenges. They should not give you the reason to avoid trying something new.” “Yes, you're right.” Stephen said as he clutched his white cane tightly. ",8.004530689436459,0.7716469358317755
1004,1,Dont Look,51,negative,934,953,19,"“Please tell me what has been challenging about this week.” Dr. Acosta said as she finally looked up at Stephen. “Well, on Tuesday, I misplaced my cell phone and it was ringing. Susan was outside in the garden and couldn't hear the phone. It drove me nuts.” Stephen said as he ran his fingers through his dirty blonde hair.",-2.994005858137188,-0.1932897362896908
1004,1,Dont Look,52,negative,953,978,25,"“Susan is your new nurse, correct?” Dr. Acosta said. “Yes, she's quite nice. A little more attentive than Monica was. It doesn't normally bother me.” “Should it have bothered you?” “No.” Steven said. “Did you try locating the phone yourself?” “No.” “It stopped ringing after the fifth ring.” “I see.” Dr. Acosta said, and she went back to writing on her device. Steven didn't like the tone of her voice. ",3.3766623484950786,0.36562929370197694
1004,1,Dont Look,53,negative,978,994,16,"“I did do the squinting exercises.” Steven said, trying to find something that she would approve of. “Good. What did you think?” “It was strange at first because it felt like my eyes would open whenever I released from squinting. I didn't like the sensation.” ",-0.9541519042881745,-0.014326846333653019
1004,1,Dont Look,54,negative,994,1010,16,"“This is good progress, Steven. Eventually, the strangeness will go away and the need to open your eyes will happen, especially if you start with the other lesson.” Dr. Acosta said, Steven could hear that she was smiling. Steven tightened his lips.",-14.712662770984226,-1.2214048636345562
1004,1,Dont Look,55,negative,1010,1030,20,"“I'm not sure I'm ready to open my eyes.” “It's normal to feel apprehensive about it. These sessions and lessons are here to help you get to a point where you want to open your eyes and live a normal life. Is that not what you want?” “Yes, Dr. Acosta. It is.” Stephen said as he steadied his voice.",-0.5441415667113532,0.021644667600540034
1004,1,Dont Look,56,negative,1030,1050,20,"Stephen was guided out of the office and into Susan's car. He could smell her perfume as she clipped his seatbelt into place. He lowered his head as the car started. It was always a jarring feeling when he rode in one. “Do you need to stop anywhere else?” Susan said. “No, I’d like to go home and rest.”",6.973335861638234,0.6811769263772904
1004,1,Dont Look,57,negative,1050,1072,22,"He thought about what Dr. Acosta had said, and when she had asked him at the end of the session, Stephen couldn't remember the last time he had lied. Then it came to him, and he shuddered at the memory. The last time he had his eyes open was the last time he had lied, and it was to tell the police a different story of what had happened that night.",3.7877783534705145,0.4016978113616636
1004,1,Dont Look,58,negative,1072,1086,14,Stephen was 11 years old again and found himself sitting on a metal chair next to a desk. He could see the room through the slits of his eyelids. The lids kept closing on him. It felt like his face was covered in blood. ,-27.386701829349594,-2.333338712144111
1004,1,Dont Look,59,negative,1086,1103,17,"He felt a hand on his shoulder. “Hey, how you doing, kid? Still don't want to open your eyes?” It was Officer Brennan returning. Stephen could sense someone else was there. “Stephen, this is Dr. Coolidge. She wanted to ask you some questions.” Officer Brennan said. ",7.321686158822019,0.7117388084097869
1004,1,Dont Look,60,negative,1103,1123,20,"“Hello, Stephen.” Dr. Coolidge said, as the officer grabbed an extra chair for her to sit on. “Are you in pain? Does your eyes bother you?” Dr. Coolidge said. “No, I just can't open them.” Stephen said, squirming in his seat. He decided to keep his eyes closed. He didn't want to see the doctor and officer.",2.38985258372807,0.2790533273165848
1004,1,Dont Look,61,negative,1123,1135,12,"“Okay, if it makes you feel better to have your eyes closed, then do so.” Stephen nodded. “We would like to know what had happened. Take your time, and if it gets too scary, you can stop.” ",-4.906960984056105,-0.3611193875471678
1004,1,Dont Look,62,negative,1135,1150,15,"“I was out with my friends in the woods. We have a boy's only house. Well, it's a big tent that we got from Michael's dad. We were hanging out even though it was getting late.” Stephen paused and licked his lips. ",-9.446038041553297,-0.7593470873342345
1004,1,Dont Look,63,negative,1150,1172,22,"“Who was there with you?” Dr. Coolidge said. “It was me, Tommy, Richard, Ismael, and Michael.” “What were you all doing in the tent?” “At first, we were reading comic books and eating gummy bears.” Stephen said, as his heartbeat accelerated, he was getting to the part that he did not want to talk about. “Yes?” Dr. Coolidge pressed gently.",-6.81950904054029,-0.5289133253054922
1004,1,Dont Look,64,negative,1172,1192,20,"“Richard took out his mom's gun from his backpack. He said that she kept the gun because she was afraid that her boyfriend would come back. He was showing it off. I didn't care about it. I just wanted to go back to reading Spider-Man comics, but...” Steven broke off. He closed his eyes tighter. “It's alright, Steven. If you don't want to say it,” Dr. Coolidge said.",4.525552929276353,0.46642512675263387
1004,1,Dont Look,65,negative,1192,1209,17,"“I'll say it. Stephen shot me in the head.” Stephen recognized Richard's voice and shrunk back, falling off the chair. He could feel Richard's breath on his cheek. How could he still be alive? Stephen thought. “You shot me, liar!” Richard's voice echoed.",2.9008142354212154,0.32388162184775493
1004,1,Dont Look,66,negative,1209,1222,13,Stephen woke up panting. He felt cold sweat covering his body. His pajamas sticking to him as he tried to pull them off in bed. He staggered to his feet and slipped off his bottoms. Stephen grabbed his cell phone. ,9.459635229448738,0.899307895665385
1004,1,Dont Look,67,negative,1222,1238,16,"“Hey Siri, what time is it?” Stephen said. His cell phone answered back that it was about three in the morning. He decided to take a shower instead of going back to bed. The hot water wasn't enough to wash away the bad dream he had.",-0.23554776030555757,0.048718585962542055
1004,1,Dont Look,68,negative,1238,1257,19,"It kept playing out over and over in his mind. As the water streamed down his face, he realized that it reminded him of the blood that splattered on his face when the gun went off. Stephen staggered back onto a tiled wall and slid down. He wrapped his arms around him as he sobbed uncontrollably.",-7.071168698432076,-0.5509922293253999
1004,1,Dont Look,69,negative,1257,1272,15,"Later that morning, Susan had arrived at around seven and had let herself in. She prepared him a breakfast of the usual, two scrambled eggs, two Canadian bacon strips, and sliced grapefruit. “Here you go, son.” Susan said. ",7.928739243223897,0.764997510649863
1004,1,Dont Look,70,negative,1272,1286,14,"“I need to take my mother to a doctor's appointment. She just turned 90 not too long ago, and I feel she should go more often than not. Will you be all right for a couple of hours?” “Yes, that's fine. I can listen to my audio book outside,” he said. ",25.733994835089334,2.327109342780566
1004,1,Dont Look,71,negative,1286,1303,17,"“Oh, that's a wonderful idea. Spring is finally starting up and you can feel the change. Well, I better get going. Unless there's anything else you need.” Susan said, “No, it's fine. Go ahead. Thank you for breakfast.” Stephen said, and he felt a squeezing hand on his shoulder.",-4.987596910174709,-0.36819383439432435
1004,1,Dont Look,72,negative,1303,1323,20,"After eating, Stephen placed the dirty dishes in the sink. He headed back upstairs to get his earphones, which he kept in his office. His white cane smacked into the desk chair, and he rested his hands on the desk. He searched around and came across what felt like a notepad. It occurred to him that he didn't own a notepad.",8.81542017427507,0.842788855265691
1004,1,Dont Look,73,negative,1323,1336,13,"Maybe it's Susan's, but that means she's been in my office, he thought. Stephen opened it and ran his fingers over the pages. He could feel the slight indentation where writing implement was used.",-23.03904616653432,-1.9519050215198335
1004,1,Dont Look,74,negative,1336,1360,24,"Closing it, he ran his fingers over the cover. There were letters, and it spelled out journal. This is definitely not mine, Stephen thought. Opening it again, he flipped a page that had pages attached to it. Newspaper clippings, he wondered. Stephen realized that if this was Susan's journal, he was being intrusive. Yet she did leave it here.",-0.9395339347182864,-0.013044365264564562
1004,1,Dont Look,75,negative,1360,1379,19,"He hadn't had this much curiosity since that night when Richard was showing off his gun. Stephen shuddered and gasped. He took out his phone from his back pocket. “Hey Siri, what day is it today?” Stephen said. Siri answered back, April 22. He almost dropped his phone.",14.018004380951998,1.2992281523583589
1004,1,Dont Look,76,negative,1379,1388,9,It was 23 years ago today that Richard was shot. Somehow he had forgotten. His desire to go outside to sit and listen to his audiobook was dashed.,0.09052647056254967,0.07732611768619214
1004,1,Dont Look,77,negative,1388,1408,20,"Stephen knew that he should call Tommy, Ismael, and Michael. Yet he didn't want to relive the memory, not this year. Besides the sobering recount of what had happened, he would have to endure the questioning about his eyes, and the tense silence filled with hate. They never voiced it, but he knew that they hated him because of what happened. ",8.969514159922335,0.8563080118426819
1004,1,Dont Look,78,negative,1408,1429,21,"Last year, Michael didn't show up at the bar to meet with them. Tommy had said that he had an emergency. Steven didn't believe it for a second. They're probably deciding to meet without me, he thought. Steven placed his phone on the desk and sat down without dialing any of them. He gripped his white cane between his legs and tightened his eyes. ",9.272594997289769,0.8828982598568721
1004,1,Dont Look,79,negative,1429,1443,14,"“I don't care about Dr. Acosta's lessons. I'm never opening my eyes again. It's better this way,” Steven told himself. “It's not my fault.” Stephen said out loud, but he knew it wasn't entirely true. ",-14.190050984742571,-1.175554465661498
1004,1,Dont Look,80,negative,1443,1460,17,"He was jealous when Richard pulled out the gun to show it off. Richard was always the cool one in the group. His mother gave him everything, even though they were known in the neighborhood as being poor. Stephen's father once told him that Richard's mother was a drug dealer, and that he should stay away from him.",4.769989786190017,0.48787035141810403
1004,1,Dont Look,81,negative,1460,1470,10,"Yet he kept hanging out with Richard, even though he hated him. Stephen didn't want to be alone. The others would never think of hanging with him without Richard. ",-3.695565988954101,-0.25483984297846796
1004,1,Dont Look,82,negative,1470,1489,19,"So when Richard took that gun out, Stephen had it in his mind to grab the weapon and pose with it like he was an action star, but not before scaring Richard. It didn't go as planned. He was not counting on there being bullets in the gun. Richard still had the gun in his hands. It was pointed towards his face when Stephen grabbed it.",-9.55020507287653,-0.7684859930527399
1004,1,Dont Look,83,negative,1489,1495,6,The police believed it was a mistake made by Richard and that Stephen was trying to take the gun away.,-18.560773092948043,-1.5590118490703762
1004,1,Dont Look,84,negative,1495,1510,15,"The stairs creaked, startling Stephen from his memory. He swung around in his desk chair. “Hello?” Stephen said, could it be Susan? But she said that she would be out for a couple of hours. She would have called to say that she was coming back, he wondered.",1.06910058119243,0.16317954388076447
1004,1,Dont Look,85,negative,1510,1517,7,"Stephen waited for the sound to return, but no sound came. Stupid old house, he thought. ",23.151247038604346,2.100516645389469
1004,1,Dont Look,86,negative,1517,1533,16,"The hairs stood up on his arms as he felt a presence. “Who’s there?” Stephen said. A breeze crossed his face as if someone had walked past him. He shrunk back in his chair. Taking his white cane, he swung it back and forth. It didn't hit anything.",-13.332912350269073,-1.1003549608984706
1004,1,Dont Look,87,negative,1533,1547,14,"Suddenly, someone grabbed it and yanked it. Stephen hopped up to his feet and was dragged. He was being pulled out of the office. Just as he was about to pull it back, the person let go. Stephen caught a whiff of the perfume. ",0.9581657657572512,0.15344687888798
1004,1,Dont Look,88,negative,1547,1561,14,"“Susan?” Before Stephen could turn around and confront the voice, he was pushed from behind. His eyes were forced open as his body went airborne and slammed into the staircase. He saw everything.",29.024784047294386,2.6158207706458376
1004,1,Dont Look,89,negative,1561,1579,18,"Stephen's body lay in a crumbled heap at the bottom. Susan checked his pulse with a gloved hand. She smirked and took note of the white cane nearby. After grabbing her journal with the newspaper clippings and cleaning up, she left without so much as a backward glance.",2.3126758485602243,0.2722823663186427
